601	260	3
4.099376837984892e-09	28.539409637451172	-0.19733083248138428	0.014852941036224365	0.5090063810348511	1.0	1	0.0	0	0.0	0	0.09801724553108215	0.0	-0.9951847195625305	0.9951847195625305	0.0	0.09801724553108215	0.0	-1.0	0.0
0.03849733620882034	-1.0	-0.19353917241096497	0.045169711112976074	0.9940764307975769	1.0	1	0.0	0	0.0	0	0.09801724553108215	0.0	-0.9951847195625305	0.9951847195625305	0.0	0.09801724553108215	0.0	-1.0	0.0
4.099376837984892e-09	-1.0	-0.19733083248138428	0.014852941036224365	0.9940764307975769	1.0	1	0.0	0	0.0	0	0.09801724553108215	0.0	-0.9951847195625305	0.9951847195625305	0.0	0.09801724553108215	0.0	-1.0	0.0
0.03849733620882034	28.539409637451172	-0.19353917241096497	0.045169711112976074	0.5090063810348511	1.0	1	0.0	0	0.0	0	0.29028499126434326	0.0	-0.9569402933120728	0.9569402933120728	0.0	0.2902849614620209	0.0	-1.0	0.0
0.0755152553319931	-1.0	-0.18230989575386047	0.07548660039901733	0.9940764307975769	1.0	1	0.0	0	0.0	0	0.29028499126434326	0.0	-0.9569402933120728	0.956940233707428	0.0	0.2902849614620209	0.0	-1.0	0.0
0.03849733620882034	-1.0	-0.19353917241096497	0.045169711112976074	0.9940764307975769	1.0	1	0.0	0	0.0	0	0.29028499126434326	0.0	-0.9569402933120728	0.9569402933120728	0.0	0.2902849614620209	0.0	-1.0	0.0
0.0755152553319931	28.539409637451172	-0.18230989575386047	0.07548660039901733	0.5090063810348511	1.0	1	0.0	0	0.0	0	0.4713963270187378	0.0	-0.8819215893745422	0.8819215297698975	0.0	0.4713962972164154	0.0	-1.0	0.0
0.10963113605976105	-1.0	-0.1640745997428894	0.10580351948738098	0.9940764307975769	1.0	1	0.0	0	0.0	0	0.4713963270187378	0.0	-0.8819215893745422	0.8819215893745422	0.0	0.4713963270187378	0.0	-1.0	0.0
0.0755152553319931	-1.0	-0.18230989575386047	0.07548660039901733	0.9940764307975769	1.0	1	0.0	0	0.0	0	0.4713963270187378	0.0	-0.8819215893745422	0.8819215297698975	0.0	0.4713962972164154	0.0	-1.0	0.0
0.10963113605976105	28.539409637451172	-0.1640745997428894	0.10580331087112427	0.5090063810348511	1.0	1	0.0	0	0.0	0	0.6343935132026672	0.0	-0.7730103731155396	0.7730103731155396	0.0	0.6343935132026672	0.0	-1.0	0.0
0.13953396677970886	-1.0	-0.13953396677970886	0.13612011075019836	0.9940764307975769	1.0	1	0.0	0	0.0	0	0.6343935132026672	0.0	-0.7730103731155396	0.7730103731155396	0.0	0.6343935132026672	0.0	-1.0	0.0
0.10963113605976105	-1.0	-0.1640745997428894	0.10580351948738098	0.9940764307975769	1.0	1	0.0	0	0.0	0	0.6343935132026672	0.0	-0.7730103731155396	0.7730103135108948	0.0	0.6343934535980225	0.0	-1.0	0.0
0.13953396677970886	28.539409637451172	-0.13953396677970886	0.13612011075019836	0.5090063810348511	1.0	1	0.0	0	0.0	0	0.7730101943016052	0.0	-0.6343937516212463	0.6343937516212463	0.0	0.7730101943016052	0.0	-1.0	0.0
0.1640745997428894	-1.0	-0.10963115096092224	0.166437029838562	0.9940764307975769	1.0	1	0.0	0	0.0	0	0.7730101943016052	0.0	-0.6343937516212463	0.6343937516212463	0.0	0.7730101346969604	0.0	-1.0	0.0
0.13953396677970886	-1.0	-0.13953396677970886	0.13612011075019836	0.9940764307975769	1.0	1	0.0	0	0.0	0	0.7730101943016052	0.0	-0.6343937516212463	0.6343937516212463	0.0	0.7730101943016052	0.0	-1.0	0.0
0.1640745997428894	28.539409637451172	-0.10963115096092224	0.166437029838562	0.5090063810348511	1.0	1	0.0	0	0.0	0	0.881921648979187	0.0	-0.47139617800712585	0.47139614820480347	0.0	0.881921648979187	0.0	-1.0	0.0
0.18230989575386047	-1.0	-0.0755152553319931	0.19675391912460327	0.9940764307975769	1.0	1	0.0	0	0.0	0	0.881921648979187	0.0	-0.47139617800712585	0.47139614820480347	0.0	0.881921648979187	0.0	-1.0	0.0
0.1640745997428894	-1.0	-0.10963115096092224	0.166437029838562	0.9940764307975769	1.0	1	0.0	0	0.0	0	0.881921648979187	0.0	-0.47139617800712585	0.4713961184024811	0.0	0.8819215893745422	0.0	-1.0	0.0
0.18230989575386047	28.539409637451172	-0.0755152553319931	0.19675391912460327	0.5090063810348511	1.0	1	0.0	0	0.0	0	0.9569404721260071	0.0	-0.29028430581092834	0.29028430581092834	0.0	0.9569405317306519	0.0	-1.0	0.0
0.19353914260864258	-1.0	-0.03849733620882034	0.22707077860832214	0.9940764307975769	1.0	1	0.0	0	0.0	0	0.9569404721260071	0.0	-0.29028430581092834	0.29028430581092834	0.0	0.9569405317306519	0.0	-1.0	0.0
0.18230989575386047	-1.0	-0.0755152553319931	0.19675391912460327	0.9940764307975769	1.0	1	0.0	0	0.0	0	0.9569404721260071	0.0	-0.29028430581092834	0.29028433561325073	0.0	0.9569404721260071	0.0	-1.0	0.0
0.19353914260864258	28.539409637451172	-0.03849733620882034	0.22707077860832214	0.5090063810348511	1.0	1	0.0	0	0.0	0	0.9951846599578857	0.0	-0.09801800549030304	0.09801800549030304	0.0	0.9951846599578857	0.0	-1.0	0.0
0.19733083248138428	-1.0	-5.1396460420960466e-09	0.2573877274990082	0.9940764307975769	1.0	1	0.0	0	0.0	0	0.9951846599578857	0.0	-0.09801800549030304	0.09801800549030304	0.0	0.9951846599578857	0.0	-1.0	0.0
0.19353914260864258	-1.0	-0.03849733620882034	0.22707077860832214	0.9940764307975769	1.0	1	0.0	0	0.0	0	0.9951846599578857	0.0	-0.09801800549030304	0.09801801294088364	0.0	0.9951847195625305	0.0	-1.0	0.0
0.19733083248138428	28.539409637451172	-5.1396460420960466e-09	0.2573877274990082	0.5090063810348511	1.0	1	0.0	0	0.0	0	0.9951846599578857	0.0	0.09801798313856125	-0.09801799058914185	0.0	0.9951847195625305	0.0	-1.0	0.0
0.19353914260864258	-1.0	0.03849733620882034	0.28770461678504944	0.9940764307975769	1.0	1	0.0	0	0.0	0	0.9951846599578857	0.0	0.09801798313856125	-0.09801799058914185	0.0	0.9951847195625305	0.0	-1.0	0.0
0.19733083248138428	-1.0	-5.1396460420960466e-09	0.2573877274990082	0.9940764307975769	1.0	1	0.0	0	0.0	0	0.9951846599578857	0.0	0.09801798313856125	-0.09801799058914185	0.0	0.9951847195625305	0.0	-1.0	0.0
0.19353914260864258	28.539409637451172	0.03849733620882034	0.28770461678504944	0.5090063810348511	1.0	1	0.0	0	0.0	0	0.9569404721260071	0.0	0.2902844250202179	-0.2902844250202179	0.0	0.9569404125213623	0.0	-1.0	0.0
0.18230989575386047	-1.0	0.07551524043083191	0.3180214762687683	0.9940764307975769	1.0	1	0.0	0	0.0	0	0.9569404721260071	0.0	0.2902844250202179	-0.2902844250202179	0.0	0.9569404125213623	0.0	-1.0	0.0
0.19353914260864258	-1.0	0.03849733620882034	0.28770461678504944	0.9940764307975769	1.0	1	0.0	0	0.0	0	0.9569404721260071	0.0	0.2902844250202179	-0.2902844250202179	0.0	0.9569404721260071	0.0	-1.0	0.0
0.18230989575386047	28.539409637451172	0.07551524043083191	0.3180214762687683	0.5090063810348511	1.0	1	0.0	0	0.0	0	0.8819215893745422	0.0	0.4713963270187378	-0.4713962972164154	0.0	0.8819215297698975	0.0	-1.0	0.0
0.1640745997428894	-1.0	0.10963112115859985	0.3483383357524872	0.9940764307975769	1.0	1	0.0	0	0.0	0	0.8819215893745422	0.0	0.4713963270187378	-0.4713963270187378	0.0	0.8819215297698975	0.0	-1.0	0.0
0.18230989575386047	-1.0	0.07551524043083191	0.3180214762687683	0.9940764307975769	1.0	1	0.0	0	0.0	0	0.8819215893745422	0.0	0.4713963270187378	-0.4713962972164154	0.0	0.8819214701652527	0.0	-1.0	0.0
0.1640745997428894	28.539409637451172	0.10963112115859985	0.3483383357524872	0.5090063810348511	1.0	1	0.0	0	0.0	0	0.7730103731155396	0.0	0.6343932747840881	-0.6343932747840881	0.0	0.7730103731155396	0.0	-1.0	0.0
0.13953396677970886	-1.0	0.13953396677970886	0.37865525484085083	0.9940764307975769	1.0	1	0.0	0	0.0	0	0.7730103731155396	0.0	0.6343932747840881	-0.6343932747840881	0.0	0.7730103731155396	0.0	-1.0	0.0
0.1640745997428894	-1.0	0.10963112115859985	0.3483383357524872	0.9940764307975769	1.0	1	0.0	0	0.0	0	0.7730103731155396	0.0	0.6343932747840881	-0.6343932747840881	0.0	0.7730104327201843	0.0	-1.0	0.0
0.13953396677970886	28.539409637451172	0.13953396677970886	0.37865525484085083	0.5090063810348511	1.0	1	0.0	0	0.0	0	0.634393036365509	0.0	0.7730106711387634	-0.7730106711387634	0.0	0.634393036365509	0.0	-1.0	0.0
0.10963113605976105	-1.0	0.16407456994056702	0.4089721739292145	0.9940764307975769	1.0	1	0.0	0	0.0	0	0.634393036365509	0.0	0.7730106711387634	-0.7730106711387634	0.0	0.634393036365509	0.0	-1.0	0.0
0.13953396677970886	-1.0	0.13953396677970886	0.37865525484085083	0.9940764307975769	1.0	1	0.0	0	0.0	0	0.634393036365509	0.0	0.7730106711387634	-0.7730107307434082	0.0	0.634393036365509	0.0	-1.0	0.0
0.10963113605976105	28.539409637451172	0.16407456994056702	0.4089721739292145	0.5090063810348511	1.0	1	0.0	0	0.0	0	0.47139689326286316	0.0	0.8819212317466736	-0.8819211721420288	0.0	0.47139686346054077	0.0	-1.0	0.0
0.0755152553319931	-1.0	0.18230989575386047	0.4392889440059662	0.9940764307975769	1.0	1	0.0	0	0.0	0	0.47139689326286316	0.0	0.8819212317466736	-0.8819211721420288	0.0	0.47139686346054077	0.0	-1.0	0.0
0.10963113605976105	-1.0	0.16407456994056702	0.4089721739292145	0.9940764307975769	1.0	1	0.0	0	0.0	0	0.47139689326286316	0.0	0.8819212317466736	-0.8819212317466736	0.0	0.47139689326286316	0.0	-1.0	0.0
0.0755152553319931	28.539409637451172	0.18230989575386047	0.4392889440059662	0.5090063810348511	1.0	1	0.0	0	0.0	0	0.29028430581092834	0.0	0.9569404721260071	-0.9569404125213623	0.0	0.29028430581092834	0.0	-1.0	0.0
0.03849733620882034	-1.0	0.19353914260864258	0.46960583329200745	0.9940764307975769	1.0	1	0.0	0	0.0	0	0.29028430581092834	0.0	0.9569404721260071	-0.9569404721260071	0.0	0.29028430581092834	0.0	-1.0	0.0
0.0755152553319931	-1.0	0.18230989575386047	0.4392889440059662	0.9940764307975769	1.0	1	0.0	0	0.0	0	0.29028430581092834	0.0	0.9569404721260071	-0.9569404125213623	0.0	0.29028430581092834	0.0	-1.0	0.0
0.03849733620882034	28.539409637451172	0.19353914260864258	0.469605952501297	0.5090063810348511	1.0	1	0.0	0	0.0	0	0.09801800549030304	0.0	0.9951846599578857	-0.9951846599578857	0.0	0.09801800549030304	0.0	-1.0	0.0
4.099376837984892e-09	-1.0	0.19733083248138428	0.4999227821826935	0.9940764307975769	1.0	1	0.0	0	0.0	0	0.09801800549030304	0.0	0.9951846599578857	-0.9951846599578857	0.0	0.09801800549030304	0.0	-1.0	0.0
0.03849733620882034	-1.0	0.19353914260864258	0.46960583329200745	0.9940764307975769	1.0	1	0.0	0	0.0	0	0.09801800549030304	0.0	0.9951846599578857	-0.9951847195625305	0.0	0.09801801294088364	0.0	-1.0	0.0
4.099376837984892e-09	28.539409637451172	0.19733083248138428	0.4999227821826935	0.5090063810348511	1.0	1	0.0	0	0.0	0	-0.09801800549030304	0.0	0.9951846599578857	-0.9951846599578857	0.0	-0.09801800549030304	0.0	-1.0	0.0
-0.038497328758239746	-1.0	0.19353914260864258	0.5302393436431885	0.9940764307975769	1.0	1	0.0	0	0.0	0	-0.09801800549030304	0.0	0.9951846599578857	-0.9951846599578857	0.0	-0.09801800549030304	0.0	-1.0	0.0
4.099376837984892e-09	-1.0	0.19733083248138428	0.4999227821826935	0.9940764307975769	1.0	1	0.0	0	0.0	0	-0.09801800549030304	0.0	0.9951846599578857	-0.9951847195625305	0.0	-0.09801801294088364	0.0	-1.0	0.0
-0.038497328758239746	28.539409637451172	0.19353914260864258	0.5302393436431885	0.5090063810348511	1.0	1	0.0	0	0.0	0	-0.2902843654155731	0.0	0.9569404721260071	-0.9569404125213623	0.0	-0.2902843654155731	0.0	-1.0	0.0
-0.07551524043083191	-1.0	0.18230989575386047	0.5605565309524536	0.9940764307975769	1.0	1	0.0	0	0.0	0	-0.2902843654155731	0.0	0.9569404721260071	-0.9569404721260071	0.0	-0.2902843654155731	0.0	-1.0	0.0
-0.038497328758239746	-1.0	0.19353914260864258	0.5302393436431885	0.9940764307975769	1.0	1	0.0	0	0.0	0	-0.2902843654155731	0.0	0.9569404721260071	-0.9569404125213623	0.0	-0.2902843654155731	0.0	-1.0	0.0
-0.07551524043083191	28.539409637451172	0.18230989575386047	0.5605565309524536	0.5090063810348511	1.0	1	0.0	0	0.0	0	-0.4713967442512512	0.0	0.8819212317466736	-0.8819212317466736	0.0	-0.4713967442512512	0.0	-1.0	0.0
-0.10963113605976105	-1.0	0.16407456994056702	0.590873122215271	0.9940764307975769	1.0	1	0.0	0	0.0	0	-0.4713967442512512	0.0	0.8819212317466736	-0.8819212317466736	0.0	-0.4713967442512512	0.0	-1.0	0.0
-0.07551524043083191	-1.0	0.18230989575386047	0.5605565309524536	0.9940764307975769	1.0	1	0.0	0	0.0	0	-0.4713967442512512	0.0	0.8819212317466736	-0.8819212913513184	0.0	-0.4713967740535736	0.0	-1.0	0.0
-0.10963113605976105	28.539409637451172	0.16407456994056702	0.590873122215271	0.5090063810348511	1.0	1	0.0	0	0.0	0	-0.634393036365509	0.0	0.7730106711387634	-0.7730106711387634	0.0	-0.634393036365509	0.0	-1.0	0.0
-0.13953396677970886	-1.0	0.13953396677970886	0.6211904287338257	0.9940764307975769	1.0	1	0.0	0	0.0	0	-0.634393036365509	0.0	0.7730106711387634	-0.7730106711387634	0.0	-0.634393036365509	0.0	-1.0	0.0
-0.10963113605976105	-1.0	0.16407456994056702	0.590873122215271	0.9940764307975769	1.0	1	0.0	0	0.0	0	-0.634393036365509	0.0	0.7730106711387634	-0.7730107307434082	0.0	-0.634393036365509	0.0	-1.0	0.0
-0.13953396677970886	28.539409637451172	0.13953396677970886	0.6211904287338257	0.5090063810348511	1.0	1	0.0	0	0.0	0	-0.7730103731155396	0.0	0.6343932747840881	-0.6343932747840881	0.0	-0.7730103731155396	0.0	-1.0	0.0
-0.1640745997428894	-1.0	0.10963112115859985	0.6515070199966431	0.9940764307975769	1.0	1	0.0	0	0.0	0	-0.7730103731155396	0.0	0.6343932747840881	-0.6343932747840881	0.0	-0.7730104327201843	0.0	-1.0	0.0
-0.13953396677970886	-1.0	0.13953396677970886	0.6211904287338257	0.9940764307975769	1.0	1	0.0	0	0.0	0	-0.7730103731155396	0.0	0.6343932747840881	-0.6343933343887329	0.0	-0.7730104923248291	0.0	-1.0	0.0
-0.1640745997428894	28.539409637451172	0.10963112115859985	0.6515070199966431	0.5090063810348511	1.0	1	0.0	0	0.0	0	-0.8819215893745422	0.0	0.4713963270187378	-0.4713962972164154	0.0	-0.8819215297698975	0.0	-1.0	0.0
-0.18230989575386047	-1.0	0.07551524043083191	0.6818242073059082	0.9940764307975769	1.0	1	0.0	0	0.0	0	-0.8819215893745422	0.0	0.4713963270187378	-0.4713963270187378	0.0	-0.8819215297698975	0.0	-1.0	0.0
-0.1640745997428894	-1.0	0.10963112115859985	0.6515070199966431	0.9940764307975769	1.0	1	0.0	0	0.0	0	-0.8819215893745422	0.0	0.4713963270187378	-0.4713962972164154	0.0	-0.8819214701652527	0.0	-1.0	0.0
-0.18230989575386047	28.539409637451172	0.07551524043083191	0.6818242073059082	0.5090063810348511	1.0	1	0.0	0	0.0	0	-0.9569404721260071	0.0	0.2902844250202179	-0.2902844250202179	0.0	-0.9569404125213623	0.0	-1.0	0.0
-0.19353914260864258	-1.0	0.03849733620882034	0.712140679359436	0.9940764307975769	1.0	1	0.0	0	0.0	0	-0.9569404721260071	0.0	0.2902844250202179	-0.2902844250202179	0.0	-0.9569404125213623	0.0	-1.0	0.0
-0.18230989575386047	-1.0	0.07551524043083191	0.6818242073059082	0.9940764307975769	1.0	1	0.0	0	0.0	0	-0.9569404721260071	0.0	0.2902844250202179	-0.2902844250202179	0.0	-0.9569404721260071	0.0	-1.0	0.0
-0.19353914260864258	28.539409637451172	0.03849733620882034	0.712140679359436	0.5090063810348511	1.0	1	0.0	0	0.0	0	-0.9951846599578857	0.0	0.09801798313856125	-0.09801799058914185	0.0	-0.9951847195625305	0.0	-1.0	0.0
-0.19733083248138428	-1.0	-5.1396460420960466e-09	0.7424578666687012	0.9940764307975769	1.0	1	0.0	0	0.0	0	-0.9951846599578857	0.0	0.09801798313856125	-0.09801799058914185	0.0	-0.9951847195625305	0.0	-1.0	0.0
-0.19353914260864258	-1.0	0.03849733620882034	0.712140679359436	0.9940764307975769	1.0	1	0.0	0	0.0	0	-0.9951846599578857	0.0	0.09801798313856125	-0.09801799058914185	0.0	-0.9951847195625305	0.0	-1.0	0.0
-0.19733083248138428	28.539409637451172	-5.1396460420960466e-09	0.7424578666687012	0.5090063810348511	1.0	1	0.0	0	0.0	0	-0.9951846599578857	0.0	-0.09801800549030304	0.09801800549030304	0.0	-0.9951846599578857	0.0	-1.0	0.0
-0.19353914260864258	-1.0	-0.03849733620882034	0.7727745771408081	0.9940764307975769	1.0	1	0.0	0	0.0	0	-0.9951846599578857	0.0	-0.09801800549030304	0.09801800549030304	0.0	-0.9951846599578857	0.0	-1.0	0.0
-0.19733083248138428	-1.0	-5.1396460420960466e-09	0.7424578666687012	0.9940764307975769	1.0	1	0.0	0	0.0	0	-0.9951846599578857	0.0	-0.09801800549030304	0.09801801294088364	0.0	-0.9951847195625305	0.0	-1.0	0.0
-0.19353914260864258	28.539409637451172	-0.03849733620882034	0.7727745771408081	0.5090063810348511	1.0	1	0.0	0	0.0	0	-0.9569404721260071	0.0	-0.29028430581092834	0.29028430581092834	0.0	-0.9569405317306519	0.0	-1.0	0.0
-0.18230989575386047	-1.0	-0.0755152553319931	0.8030916452407837	0.9940764307975769	1.0	1	0.0	0	0.0	0	-0.9569404721260071	0.0	-0.29028430581092834	0.29028430581092834	0.0	-0.9569405317306519	0.0	-1.0	0.0
-0.19353914260864258	-1.0	-0.03849733620882034	0.7727745771408081	0.9940764307975769	1.0	1	0.0	0	0.0	0	-0.9569404721260071	0.0	-0.29028430581092834	0.29028433561325073	0.0	-0.9569404721260071	0.0	-1.0	0.0
-0.18230989575386047	28.539409637451172	-0.0755152553319931	0.8030916452407837	0.5090063810348511	1.0	1	0.0	0	0.0	0	-0.881921648979187	0.0	-0.47139617800712585	0.47139614820480347	0.0	-0.881921648979187	0.0	-1.0	0.0
-0.1640745997428894	-1.0	-0.10963115096092224	0.8334082365036011	0.9940764307975769	1.0	1	0.0	0	0.0	0	-0.881921648979187	0.0	-0.47139617800712585	0.47139614820480347	0.0	-0.881921648979187	0.0	-1.0	0.0
-0.18230989575386047	-1.0	-0.0755152553319931	0.8030916452407837	0.9940764307975769	1.0	1	0.0	0	0.0	0	-0.881921648979187	0.0	-0.47139617800712585	0.4713961184024811	0.0	-0.8819215893745422	0.0	-1.0	0.0
-0.1640745997428894	28.539409637451172	-0.10963115096092224	0.8334082365036011	0.5090063810348511	1.0	1	0.0	0	0.0	0	-0.7730101943016052	0.0	-0.6343937516212463	0.6343937516212463	0.0	-0.7730101943016052	0.0	-1.0	0.0
-0.13953396677970886	-1.0	-0.13953396677970886	0.8637248277664185	0.9940764307975769	1.0	1	0.0	0	0.0	0	-0.7730101943016052	0.0	-0.6343937516212463	0.6343937516212463	0.0	-0.7730101943016052	0.0	-1.0	0.0
-0.1640745997428894	-1.0	-0.10963115096092224	0.8334082365036011	0.9940764307975769	1.0	1	0.0	0	0.0	0	-0.7730101943016052	0.0	-0.6343937516212463	0.6343937516212463	0.0	-0.7730101943016052	0.0	-1.0	0.0
-0.13953396677970886	28.539409637451172	-0.13953396677970886	0.8637248277664185	0.5090063810348511	1.0	1	0.0	0	0.0	0	-0.6343935132026672	0.0	-0.7730103731155396	0.7730103731155396	0.0	-0.6343935132026672	0.0	-1.0	0.0
-0.10963113605976105	-1.0	-0.1640745997428894	0.8940420150756836	0.9940764307975769	1.0	1	0.0	0	0.0	0	-0.6343935132026672	0.0	-0.7730103731155396	0.7730103731155396	0.0	-0.6343935132026672	0.0	-1.0	0.0
-0.13953396677970886	-1.0	-0.13953396677970886	0.8637248277664185	0.9940764307975769	1.0	1	0.0	0	0.0	0	-0.6343935132026672	0.0	-0.7730103731155396	0.7730103135108948	0.0	-0.6343934535980225	0.0	-1.0	0.0
-0.10963113605976105	28.539409637451172	-0.1640745997428894	0.8940420150756836	0.5090063810348511	1.0	1	0.0	0	0.0	0	-0.47139617800712585	0.0	-0.881921648979187	0.8819215893745422	0.0	-0.47139614820480347	0.0	-1.0	0.0
-0.07551524043083191	-1.0	-0.18230989575386047	0.9243584871292114	0.9940764307975769	1.0	1	0.0	0	0.0	0	-0.47139617800712585	0.0	-0.881921648979187	0.8819215893745422	0.0	-0.47139614820480347	0.0	-1.0	0.0
-0.10963113605976105	-1.0	-0.1640745997428894	0.8940420150756836	0.9940764307975769	1.0	1	0.0	0	0.0	0	-0.47139617800712585	0.0	-0.881921648979187	0.8819215893745422	0.0	-0.47139614820480347	0.0	-1.0	0.0
-0.07551524043083191	28.539409637451172	0.18230989575386047	0.557715654373169	0.4552445411682129	1.0	1	0.0	0	0.0	0	0.0	1.0	0.0	0.634390115737915	0.0	-0.7730130553245544	-0.7730130553245544	0.0	-0.634390115737915
0.18230989575386047	28.539409637451172	0.07551524043083191	0.5882386565208435	0.4389296770095825	1.0	1	0.0	0	0.0	0	0.0	1.0	0.0	0.6343933939933777	0.0	-0.7730103731155396	-0.7730103731155396	0.0	-0.6343933939933777
0.0755152553319931	28.539409637451172	-0.18230989575386047	0.6045535206794739	0.4694526791572571	1.0	1	0.0	0	0.0	0	0.0	1.0	0.0	0.6343937516212463	0.0	-0.7730101346969604	-0.7730101346969604	0.0	-0.6343937516212463
-0.07551524043083191	28.539409637451172	-0.18230989575386047	0.9243584871292114	0.5090063810348511	1.0	1	0.0	0	0.0	0	-0.29028505086898804	0.0	-0.956940233707428	0.9569402933120728	0.0	-0.29028505086898804	0.0	-1.0	0.0
-0.038497328758239746	-1.0	-0.19353917241096497	0.9546756744384766	0.9940764307975769	1.0	1	0.0	0	0.0	0	-0.29028505086898804	0.0	-0.956940233707428	0.956940233707428	0.0	-0.29028505086898804	0.0	-1.0	0.0
-0.07551524043083191	-1.0	-0.18230989575386047	0.9243584871292114	0.9940764307975769	1.0	1	0.0	0	0.0	0	-0.29028505086898804	0.0	-0.956940233707428	0.9569402933120728	0.0	-0.29028505086898804	0.0	-1.0	0.0
-0.038497328758239746	28.539409637451172	-0.19353917241096497	0.9546756744384766	0.5090063810348511	1.0	1	0.0	0	0.0	0	-0.09801724553108215	0.0	-0.9951847195625305	0.9951847195625305	9.405479795532301e-05	-0.09801724553108215	9.360189869767055e-05	-1.0	-9.21899209060939e-06
4.099376837984892e-09	-1.0	-0.19733083248138428	0.984992265701294	0.994076669216156	1.0	1	0.0	0	0.0	0	-0.09801724553108215	0.0	-0.9951847195625305	0.9951846599578857	0.0003555449075065553	-0.09801723808050156	0.0003538328455761075	-0.9999999403953552	-3.484953413135372e-05
-0.038497328758239746	-1.0	-0.19353917241096497	0.9546756744384766	0.9940764307975769	1.0	1	0.0	0	0.0	0	-0.09801724553108215	0.0	-0.9951847195625305	0.995184600353241	0.0003557678428478539	-0.09801723062992096	0.00035405473317950964	-0.9999998807907104	-3.4871383832069114e-05
0.19353914260864258	-1.0	-0.03849733620882034	0.6325142979621887	0.48670345544815063	1.0	1	0.0	0	0.0	0	0.0	-1.0	0.0	0.2902863025665283	0.0	0.9569398164749146	-0.9569398164749146	0.0	0.2902863025665283
0.03849733620882034	-1.0	0.19353914260864258	0.6544704437255859	0.459949791431427	1.0	1	0.0	0	0.0	0	0.0	-1.0	0.0	0.2902863025665283	0.0	0.9569398164749146	-0.9569398164749146	0.0	0.2902863025665283
-0.19353914260864258	-1.0	0.03849733620882034	0.6277167797088623	0.43799370527267456	1.0	1	0.0	0	0.0	0	0.0	-1.0	0.0	0.2902863025665283	0.0	0.9569398164749146	-0.9569398164749146	0.0	0.2902863025665283
0.433205246925354	-1.001269817352295	-2.182568311691284	0.7250779271125793	0.41980618238449097	1.0	1	0.0	0	0.0	0	0.0	1.0	0.0	0.8819218277931213	0.0	0.471395879983902	0.471395879983902	0.0	-0.8819218277931213
-2.1832966804504395	-1.001269817352295	-0.43427738547325134	0.5907313823699951	0.16846218705177307	1.0	1	0.0	0	0.0	0	0.0	1.0	0.0	0.8819218277931213	0.0	0.4713958501815796	0.4713958501815796	0.0	-0.8819218277931213
-0.4350060522556305	-1.001269817352295	2.182224750518799	0.8420754075050354	0.034115687012672424	1.0	1	0.0	0	0.0	0	0.0	1.0	0.0	0.8819218277931213	0.0	0.471395879983902	0.471395879983902	0.0	-0.8819218277931213
-0.0058209896087646484	23.070392608642578	-0.02962120622396469	0.009373724460601807	0.009442493319511414	1.0	1	0.0	0	0.0	0	0.0	-8.875274914998954e-08	-1.0	1.0	-3.521929556882242e-07	3.1258094121975125e-14	-3.521929556882242e-07	-1.0	8.875274914998954e-08
9.65849494934082	28.443038940429688	-0.029621683061122894	0.5170896053314209	0.29169517755508423	1.0	2	0.0	0	0.0	0	0.0	-8.875274914998954e-08	-1.0	1.0	-3.521929556882242e-07	3.1258094121975125e-14	-3.521929556882242e-07	-1.0	8.875274914998954e-08
9.65849494934082	23.070392608642578	-0.02962120622396469	0.5170896053314209	0.00944267213344574	1.0	2	0.0	0	0.0	0	0.0	-8.875274914998954e-08	-1.0	1.0	-3.521929556882242e-07	3.1258094121975125e-14	-3.521929556882242e-07	-1.0	8.875274914998954e-08
9.65849494934082	28.443038940429688	0.03460612893104553	0.5170896053314209	0.29169517755508423	1.0	2	0.0	0	0.0	0	0.0	8.875274914998954e-08	1.0	1.0	-3.496159024507506e-07	3.102937150929394e-14	3.496159024507506e-07	1.0	-8.875274914998954e-08
-0.0058209896087646484	23.070392608642578	0.034606605768203735	0.009373724460601807	0.009442493319511414	1.0	1	0.0	0	0.0	0	0.0	8.875274914998954e-08	1.0	1.0	-3.496159024507506e-07	3.102937150929394e-14	3.496159024507506e-07	1.0	-8.875274914998954e-08
9.65849494934082	23.070392608642578	0.034606605768203735	0.5170896053314209	0.00944267213344574	1.0	2	0.0	0	0.0	0	0.0	8.875274914998954e-08	1.0	1.0	-3.496159024507506e-07	3.102937150929394e-14	3.496159024507506e-07	1.0	-8.875274914998954e-08
9.65849494934082	28.443038940429688	-0.029621683061122894	0.5170896053314209	0.29169517755508423	1.0	2	0.0	0	0.0	0	1.0	0.0	0.0	0.0	0.0	0.0	0.0	0.0	0.0
9.65849494934082	23.070392608642578	0.034606605768203735	0.5170896053314209	0.00944267213344574	1.0	2	0.0	0	0.0	0	1.0	0.0	0.0	0.0	0.0	0.0	0.0	0.0	0.0
9.65849494934082	23.070392608642578	-0.02962120622396469	0.5170896053314209	0.00944267213344574	1.0	2	0.0	0	0.0	0	1.0	0.0	0.0	0.0	0.0	0.0	0.0	0.0	0.0
9.65849494934082	23.070392608642578	-0.02962120622396469	0.5170896053314209	0.00944267213344574	1.0	2	0.0	0	0.0	0	0.0	-1.0	0.0	1.0	0.0	0.0	0.0	0.0	1.0
-0.0058209896087646484	23.070392608642578	0.034606605768203735	0.009373724460601807	0.009442493319511414	1.0	1	0.0	0	0.0	0	0.0	-1.0	0.0	1.0	0.0	0.0	0.0	0.0	1.0
-0.0058209896087646484	23.070392608642578	-0.02962120622396469	0.009373724460601807	0.009442493319511414	1.0	1	0.0	0	0.0	0	0.0	-1.0	0.0	1.0	0.0	0.0	0.0	0.0	1.0
-0.0058209896087646484	28.443038940429688	-0.029621683061122894	0.009373575448989868	0.2916950583457947	1.0	1	0.0	0	0.0	0	0.0	1.0	0.0	1.0	0.0	0.0	0.0	0.0	-1.0
9.65849494934082	28.443038940429688	0.03460612893104553	0.5170896053314209	0.29169517755508423	1.0	2	0.0	0	0.0	0	0.0	1.0	0.0	1.0	0.0	0.0	0.0	0.0	-1.0
9.65849494934082	28.443038940429688	-0.029621683061122894	0.5170896053314209	0.29169517755508423	1.0	2	0.0	0	0.0	0	0.0	1.0	0.0	1.0	0.0	0.0	0.0	0.0	-1.0
-0.0058209896087646484	23.070392608642578	-0.02962120622396469	0.009373724460601807	0.009442493319511414	1.0	1	0.0	0	0.0	0	-1.0	0.0	0.0	0.0	0.0	0.0	0.0	0.0	0.0
-0.0058209896087646484	28.443038940429688	0.03460612893104553	0.009373575448989868	0.2916950583457947	1.0	1	0.0	0	0.0	0	-1.0	0.0	0.0	0.0	0.0	0.0	0.0	0.0	0.0
-0.0058209896087646484	28.443038940429688	-0.029621683061122894	0.009373575448989868	0.2916950583457947	1.0	1	0.0	0	0.0	0	-1.0	0.0	0.0	0.0	0.0	0.0	0.0	0.0	0.0
0.433205246925354	-1.0477710962295532	2.182224750518799	0.9114210605621338	0.07118161022663116	1.0	1	0.0	0	0.0	0	0.0	-1.0	0.0	0.8819218277931213	0.0	0.4713956117630005	-0.4713956117630005	0.0	0.8819218277931213
-2.1832966804504395	-1.0477710962295532	0.4339340031147003	0.6277973055839539	0.0991164892911911	1.0	1	0.0	0	0.0	0	0.0	-1.0	0.0	0.8819218873977661	0.0	0.4713955819606781	-0.4713955819606781	0.0	0.8819218873977661
-0.4350060522556305	-1.0477710962295532	-2.182568311691284	0.6557322144508362	0.3827402591705322	1.0	1	0.0	0	0.0	0	0.0	-1.0	0.0	0.8819218873977661	0.0	0.4713955819606781	-0.4713955819606781	0.0	0.8819218873977661
-0.4350060522556305	-1.001269817352295	2.182224750518799	0.8420754075050354	0.034115687012672424	1.0	1	0.0	0	0.0	0	-0.09801752120256424	2.331162596291847e-09	0.9951847195625305	0.9951846599578857	2.296003664969959e-10	0.09801752120256424	1.3944936675580286e-17	1.0	-2.3424420181328287e-09
-0.0009003898012451828	-1.0477710962295532	2.224980592727661	0.8785735964775085	0.04923360049724579	1.0	1	0.0	0	0.0	0	-0.09801752120256424	2.331162596291847e-09	0.9951847195625305	0.9951846599578857	2.296003664969959e-10	0.09801752120256424	1.3944936675580286e-17	1.0	-2.3424420181328287e-09
-0.0009003886952996254	-1.001269817352295	2.224980592727661	0.8785735964775085	0.04923360049724579	1.0	1	0.0	0	0.0	0	-0.09801752120256424	2.331162596291847e-09	0.9951847195625305	0.9951846599578857	2.296003664969959e-10	0.09801752120256424	1.3944936675580286e-17	1.0	-2.3424420181328287e-09
1.5725200176239014	-1.001269817352295	-1.573591947555542	0.8420758843421936	0.41980600357055664	1.0	1	0.0	0	0.0	0	0.6343934535980225	0.0	-0.7730103731155396	0.7730103135108948	0.0	0.6343935132026672	0.0	-1.0	0.0
1.235327959060669	-1.0477710962295532	-1.850318431854248	0.803329586982727	0.4275131821632385	1.0	1	0.0	0	0.0	0	0.6343934535980225	0.0	-0.7730103731155396	0.7730103135108948	0.0	0.6343935132026672	0.0	-1.0	0.0
1.235327959060669	-1.001269817352295	-1.850318431854248	0.803329586982727	0.4275131821632385	1.0	1	0.0	0	0.0	0	0.6343934535980225	0.0	-0.7730103731155396	0.7730103135108948	0.0	0.6343935132026672	0.0	-1.0	0.0
-0.4350060522556305	-1.001269817352295	-2.182568311691284	0.6557322144508362	0.3827402591705322	1.0	1	0.0	0	0.0	0	-0.29028546810150146	0.0	-0.9569401144981384	0.9569400548934937	0.0	-0.29028546810150146	0.0	-1.0	0.0
-0.8524293303489685	-1.0477710962295532	-2.0559439659118652	0.6277976632118225	0.35480576753616333	1.0	1	0.0	0	0.0	0	-0.29028546810150146	0.0	-0.9569401144981384	0.9569400548934937	0.0	-0.29028546810150146	0.0	-1.0	0.0
-0.8524293303489685	-1.001269817352295	-2.0559439659118652	0.6277976632118225	0.35480576753616333	1.0	1	0.0	0	0.0	0	-0.29028546810150146	0.0	-0.9569401144981384	0.9569400548934937	0.0	-0.29028546810150146	0.0	-1.0	0.0
-0.8524293303489685	-1.001269817352295	2.055600643157959	0.8033290505409241	0.026408566161990166	1.0	1	0.0	0	0.0	0	-0.29028499126434326	0.0	0.9569402933120728	0.9569402933120728	0.0	0.29028499126434326	0.0	1.0	0.0
-0.4350060522556305	-1.0477710962295532	2.182224750518799	0.8420754075050354	0.034115687012672424	1.0	1	0.0	0	0.0	0	-0.29028499126434326	0.0	0.9569402933120728	0.9569402933120728	0.0	0.29028499126434326	0.0	1.0	0.0
-0.4350060522556305	-1.001269817352295	2.182224750518799	0.8420754075050354	0.034115687012672424	1.0	1	0.0	0	0.0	0	-0.29028499126434326	0.0	0.9569402933120728	0.9569402933120728	0.0	0.29028499126434326	0.0	1.0	0.0
1.8492465019226074	-1.001269817352295	-1.2364000082015991	0.878574013710022	0.40468794107437134	1.0	1	0.0	0	0.0	0	0.77301025390625	0.0	-0.634393572807312	0.6343934535980225	0.0	0.77301025390625	0.0	-1.0	0.0
1.5725200176239014	-1.0477710962295532	-1.573591947555542	0.8420758843421936	0.41980600357055664	1.0	1	0.0	0	0.0	0	0.77301025390625	0.0	-0.634393572807312	0.6343934535980225	0.0	0.77301025390625	0.0	-1.0	0.0
1.5725200176239014	-1.001269817352295	-1.573591947555542	0.8420758843421936	0.41980600357055664	1.0	1	0.0	0	0.0	0	0.77301025390625	0.0	-0.634393572807312	0.6343934535980225	0.0	0.77301025390625	0.0	-1.0	0.0
-0.0009003886952996254	-1.001269817352295	-2.2253239154815674	0.6885797381401062	0.4046882390975952	1.0	1	0.0	0	0.0	0	-0.09801696985960007	0.0	-0.9951847195625305	0.9951846599578857	0.0	-0.09801695495843887	0.0	-1.0	0.0
-0.4350060522556305	-1.0477710962295532	-2.182568311691284	0.6557322144508362	0.3827402591705322	1.0	1	0.0	0	0.0	0	-0.09801696985960007	0.0	-0.9951847195625305	0.9951846599578857	0.0	-0.09801695495843887	0.0	-1.0	0.0
-0.4350060522556305	-1.001269817352295	-2.182568311691284	0.6557322144508362	0.3827402591705322	1.0	1	0.0	0	0.0	0	-0.09801696985960007	0.0	-0.9951847195625305	0.9951846599578857	0.0	-0.09801695495843887	0.0	-1.0	0.0
-1.2371288537979126	-1.001269817352295	1.8499747514724731	0.7638236880302429	0.026408595964312553	1.0	1	0.0	0	0.0	0	-0.47139623761177063	0.0	0.8819215893745422	0.881921648979187	0.0	0.47139614820480347	0.0	0.9999999403953552	0.0
-0.8524293303489685	-1.0477710962295532	2.055600643157959	0.8033290505409241	0.026408566161990166	1.0	1	0.0	0	0.0	0	-0.47139623761177063	0.0	0.8819215893745422	0.881921648979187	0.0	0.47139614820480347	0.0	0.9999999403953552	0.0
-0.8524293303489685	-1.001269817352295	2.055600643157959	0.8033290505409241	0.026408566161990166	1.0	1	0.0	0	0.0	0	-0.47139623761177063	0.0	0.8819215893745422	0.881921648979187	0.0	0.47139614820480347	0.0	0.9999999403953552	0.0
2.0548720359802246	-1.001269817352295	-0.8517006635665894	0.911421537399292	0.3827399015426636	1.0	1	0.0	0	0.0	0	0.8819218277931213	0.0	-0.4713957905769348	0.4713955521583557	0.0	0.8819218873977661	0.0	-1.0	0.0
1.8492465019226074	-1.0477710962295532	-1.2364000082015991	0.878574013710022	0.40468794107437134	1.0	1	0.0	0	0.0	0	0.8819218277931213	0.0	-0.4713957905769348	0.4713955521583557	0.0	0.8819218873977661	0.0	-1.0	0.0
1.8492465019226074	-1.001269817352295	-1.2364000082015991	0.878574013710022	0.40468794107437134	1.0	1	0.0	0	0.0	0	0.8819218277931213	0.0	-0.4713957905769348	0.4713955521583557	0.0	0.8819218873977661	0.0	-1.0	0.0
-1.5743205547332764	-1.001269817352295	1.5732486248016357	0.7250775098800659	0.03411577641963959	1.0	1	0.0	0	0.0	0	-0.6343933939933777	0.0	0.7730104923248291	0.7730104327201843	0.0	0.6343933343887329	0.0	1.0	0.0
-1.2371288537979126	-1.0477710962295532	1.8499747514724731	0.7638236880302429	0.026408595964312553	1.0	1	0.0	0	0.0	0	-0.6343933939933777	0.0	0.7730104923248291	0.7730104327201843	0.0	0.6343933343887329	0.0	1.0	0.0
-1.2371288537979126	-1.001269817352295	1.8499747514724731	0.7638236880302429	0.026408595964312553	1.0	1	0.0	0	0.0	0	-0.6343933939933777	0.0	0.7730104923248291	0.7730104327201843	0.0	0.6343933343887329	0.0	1.0	0.0
2.1814961433410645	-1.001269817352295	-0.43427738547325134	0.9393560290336609	0.3548052906990051	1.0	1	0.0	0	0.0	0	0.9569402933120728	0.0	-0.29028499126434326	0.2902847230434418	0.0	0.9569402933120728	0.0	-1.0	0.0
2.0548720359802246	-1.0477710962295532	-0.8517006635665894	0.911421537399292	0.3827399015426636	1.0	1	0.0	0	0.0	0	0.9569402933120728	0.0	-0.29028499126434326	0.2902847230434418	0.0	0.9569402933120728	0.0	-1.0	0.0
2.0548720359802246	-1.001269817352295	-0.8517006635665894	0.911421537399292	0.3827399015426636	1.0	1	0.0	0	0.0	0	0.9569402933120728	0.0	-0.29028499126434326	0.2902847230434418	0.0	0.9569402933120728	0.0	-1.0	0.0
-1.8510470390319824	-1.001269817352295	1.2360566854476929	0.6885792016983032	0.04923383891582489	1.0	1	0.0	0	0.0	0	-0.77301025390625	0.0	0.634393572807312	0.6343934535980225	0.0	0.77301025390625	0.0	1.0	0.0
-1.5743205547332764	-1.0477710962295532	1.5732486248016357	0.7250775098800659	0.03411577641963959	1.0	1	0.0	0	0.0	0	-0.77301025390625	0.0	0.634393572807312	0.6343934535980225	0.0	0.77301025390625	0.0	1.0	0.0
-1.5743205547332764	-1.001269817352295	1.5732486248016357	0.7250775098800659	0.03411577641963959	1.0	1	0.0	0	0.0	0	-0.77301025390625	0.0	0.634393572807312	0.6343934535980225	0.0	0.77301025390625	0.0	1.0	0.0
2.2242519855499268	-1.001269817352295	-0.00017171235231216997	0.9613040089607239	0.32195788621902466	1.0	1	0.0	0	0.0	0	0.9951847195625305	0.0	-0.09801752120256424	0.09801691025495529	0.0	0.9951847195625305	0.0	-1.0	0.0
2.1814961433410645	-1.0477710962295532	-0.43427738547325134	0.9393560290336609	0.3548052906990051	1.0	1	0.0	0	0.0	0	0.9951847195625305	0.0	-0.09801752120256424	0.09801691025495529	0.0	0.9951847195625305	0.0	-1.0	0.0
2.1814961433410645	-1.001269817352295	-0.43427738547325134	0.9393560290336609	0.3548052906990051	1.0	1	0.0	0	0.0	0	0.9951847195625305	0.0	-0.09801752120256424	0.09801691025495529	0.0	0.9951847195625305	0.0	-1.0	0.0
-2.0566725730895996	-1.001269817352295	0.8513573408126831	0.6557318568229675	0.07118190824985504	1.0	1	0.0	0	0.0	0	-0.8819218277931213	0.0	0.4713957905769348	0.4713955521583557	0.0	0.8819218873977661	0.0	1.0	0.0
-1.8510470390319824	-1.0477710962295532	1.2360566854476929	0.6885792016983032	0.04923383891582489	1.0	1	0.0	0	0.0	0	-0.8819218277931213	0.0	0.4713957905769348	0.4713955521583557	0.0	0.8819218873977661	0.0	1.0	0.0
-1.8510470390319824	-1.001269817352295	1.2360566854476929	0.6885792016983032	0.04923383891582489	1.0	1	0.0	0	0.0	0	-0.8819218277931213	0.0	0.4713957905769348	0.4713955521583557	0.0	0.8819218873977661	0.0	1.0	0.0
2.1814961433410645	-1.001269817352295	0.4339340031147003	0.9764219522476196	0.28545957803726196	1.0	1	0.0	0	0.0	0	0.9951847791671753	0.0	0.09801752120256424	0.09801813215017319	0.0	-0.9951845407485962	0.0	1.0	0.0
2.2242519855499268	-1.0477710962295532	-0.00017171235231216997	0.9613040089607239	0.32195788621902466	1.0	1	0.0	0	0.0	0	0.9951847791671753	0.0	0.09801752120256424	0.09801813215017319	0.0	-0.9951845407485962	0.0	1.0	0.0
2.2242519855499268	-1.001269817352295	-0.00017171235231216997	0.9613040089607239	0.32195788621902466	1.0	1	0.0	0	0.0	0	0.9951847791671753	0.0	0.09801752120256424	0.09801813215017319	0.0	-0.9951845407485962	0.0	1.0	0.0
-2.1832966804504395	-1.001269817352295	0.4339340031147003	0.6277973055839539	0.0991164892911911	1.0	1	0.0	0	0.0	0	-0.9569402933120728	0.0	0.2902849614620209	0.2902847230434418	0.0	0.9569402933120728	0.0	1.0	0.0
-2.0566725730895996	-1.0477710962295532	0.8513573408126831	0.6557318568229675	0.07118190824985504	1.0	1	0.0	0	0.0	0	-0.9569402933120728	0.0	0.2902849614620209	0.2902847230434418	0.0	0.9569402933120728	0.0	1.0	0.0
-2.0566725730895996	-1.001269817352295	0.8513573408126831	0.6557318568229675	0.07118190824985504	1.0	1	0.0	0	0.0	0	-0.9569402933120728	0.0	0.2902849614620209	0.2902847230434418	0.0	0.9569402933120728	0.0	1.0	0.0
2.0548720359802246	-1.001269817352295	0.8513573408126831	0.9841289520263672	0.2467132806777954	1.0	1	0.0	0	0.0	0	0.9569402933120728	0.0	0.2902849614620209	0.2902847230434418	0.0	-0.9569402933120728	0.0	1.0	0.0
2.1814961433410645	-1.0477710962295532	0.4339340031147003	0.9764219522476196	0.28545957803726196	1.0	1	0.0	0	0.0	0	0.9569402933120728	0.0	0.2902849614620209	0.2902847230434418	0.0	-0.9569402933120728	0.0	1.0	0.0
2.1814961433410645	-1.001269817352295	0.4339340031147003	0.9764219522476196	0.28545957803726196	1.0	1	0.0	0	0.0	0	0.9569402933120728	0.0	0.2902849614620209	0.2902847230434418	0.0	-0.9569402933120728	0.0	1.0	0.0
-2.2260525226593018	-1.001269817352295	-0.00017171235231216997	0.6058493256568909	0.13196398317813873	1.0	1	0.0	0	0.0	0	-0.9951847791671753	0.0	0.09801752120256424	0.09801813215017319	0.0	0.9951845407485962	0.0	1.0	0.0
-2.1832966804504395	-1.0477710962295532	0.4339340031147003	0.6277973055839539	0.0991164892911911	1.0	1	0.0	0	0.0	0	-0.9951847791671753	0.0	0.09801752120256424	0.09801813215017319	0.0	0.9951845407485962	0.0	1.0	0.0
-2.1832966804504395	-1.001269817352295	0.4339340031147003	0.6277973055839539	0.0991164892911911	1.0	1	0.0	0	0.0	0	-0.9951847791671753	0.0	0.09801752120256424	0.09801813215017319	0.0	0.9951845407485962	0.0	1.0	0.0
1.8492465019226074	-1.001269817352295	1.2360566854476929	0.984129011631012	0.20720794796943665	1.0	1	0.0	0	0.0	0	0.8819218277931213	0.0	0.4713957905769348	0.4713955521583557	0.0	-0.8819218873977661	0.0	1.0	0.0
2.0548720359802246	-1.0477710962295532	0.8513573408126831	0.9841289520263672	0.2467132806777954	1.0	1	0.0	0	0.0	0	0.8819218277931213	0.0	0.4713957905769348	0.4713955521583557	0.0	-0.8819218873977661	0.0	1.0	0.0
2.0548720359802246	-1.001269817352295	0.8513573408126831	0.9841289520263672	0.2467132806777954	1.0	1	0.0	0	0.0	0	0.8819218277931213	0.0	0.4713957905769348	0.4713955521583557	0.0	-0.8819218873977661	0.0	1.0	0.0
-2.1832966804504395	-1.001269817352295	-0.43427738547325134	0.5907313823699951	0.16846218705177307	1.0	1	0.0	0	0.0	0	-0.9951847195625305	0.0	-0.09801752120256424	0.09801691025495529	0.0	-0.9951847195625305	0.0	-1.0	0.0
-2.2260525226593018	-1.0477710962295532	-0.00017171235231216997	0.6058493256568909	0.13196398317813873	1.0	1	0.0	0	0.0	0	-0.9951847195625305	0.0	-0.09801752120256424	0.09801691025495529	0.0	-0.9951847195625305	0.0	-1.0	0.0
-2.2260525226593018	-1.001269817352295	-0.00017171235231216997	0.6058493256568909	0.13196398317813873	1.0	1	0.0	0	0.0	0	-0.9951847195625305	0.0	-0.09801752120256424	0.09801691025495529	0.0	-0.9951847195625305	0.0	-1.0	0.0
1.5725200176239014	-1.001269817352295	1.5732486248016357	0.9764218330383301	0.16846174001693726	1.0	1	0.0	0	0.0	0	0.77301025390625	0.0	0.634393572807312	0.6343934535980225	0.0	-0.77301025390625	0.0	1.0	0.0
1.8492465019226074	-1.0477710962295532	1.2360566854476929	0.984129011631012	0.20720794796943665	1.0	1	0.0	0	0.0	0	0.77301025390625	0.0	0.634393572807312	0.6343934535980225	0.0	-0.77301025390625	0.0	1.0	0.0
1.8492465019226074	-1.001269817352295	1.2360566854476929	0.984129011631012	0.20720794796943665	1.0	1	0.0	0	0.0	0	0.77301025390625	0.0	0.634393572807312	0.6343934535980225	0.0	-0.77301025390625	0.0	1.0	0.0
-2.0566725730895996	-1.001269817352295	-0.8517006635665894	0.5830243229866028	0.20720845460891724	1.0	1	0.0	0	0.0	0	-0.9569402933120728	0.0	-0.29028499126434326	0.2902847230434418	0.0	-0.9569402933120728	0.0	-1.0	0.0
-2.1832966804504395	-1.0477710962295532	-0.43427738547325134	0.5907313823699951	0.16846218705177307	1.0	1	0.0	0	0.0	0	-0.9569402933120728	0.0	-0.29028499126434326	0.2902847230434418	0.0	-0.9569402933120728	0.0	-1.0	0.0
-2.1832966804504395	-1.001269817352295	-0.43427738547325134	0.5907313823699951	0.16846218705177307	1.0	1	0.0	0	0.0	0	-0.9569402933120728	0.0	-0.29028499126434326	0.2902847230434418	0.0	-0.9569402933120728	0.0	-1.0	0.0
1.235327959060669	-1.001269817352295	1.8499747514724731	0.9613036513328552	0.13196352124214172	1.0	1	0.0	0	0.0	0	0.6343929171562195	0.0	0.7730107307434082	0.773010790348053	0.0	-0.6343929171562195	0.0	1.0	0.0
